7 0.450439 0.119600 0.067383 0.028400
1 0.452759 0.152000 0.055908 0.024400
16 0.455078 0.178000 0.054199 0.026400
10 0.452637 0.207700 0.052734 0.027000
5 0.450684 0.266500 0.047852 0.027800
1 0.448730 0.292500 0.057129 0.026600
0 0.451416 0.323500 0.057129 0.030600
34 0.454468 0.376200 0.052979 0.032000
23 0.451416 0.406300 0.048828 0.030600
14 0.451904 0.437900 0.049805 0.027400
2 0.450684 0.464100 0.049316 0.024200
2 0.452148 0.492900 0.049316 0.027000
7 0.452393 0.523500 0.049316 0.027000
5 0.451904 0.551500 0.049316 0.027000
10 0.451416 0.576900 0.049316 0.027000
16 0.452637 0.606900 0.049316 0.027000
