5 0.419678 0.518900 0.050293 0.032600
1 0.422607 0.543200 0.051758 0.026000
14 0.425415 0.567200 0.049072 0.028800
10 0.419922 0.596000 0.049316 0.029200
14 0.422119 0.642200 0.049316 0.029200
1 0.422852 0.671100 0.046387 0.022600
0 0.419067 0.693100 0.050537 0.027000
0 0.424072 0.721200 0.049316 0.029200
34 0.422852 0.769000 0.049316 0.029200
11 0.422974 0.794800 0.047119 0.022400
17 0.422241 0.818400 0.046143 0.026800
7 0.424316 0.846600 0.049316 0.029200
3 0.420898 0.871800 0.049316 0.029200
1 0.424438 0.893700 0.046631 0.023800
5 0.421997 0.920800 0.049072 0.026800
10 0.419922 0.944800 0.053223 0.025200
16 0.423584 0.972800 0.049316 0.029200
