5 0.422852 0.516700 0.050293 0.032600
1 0.423096 0.541600 0.049316 0.029200
14 0.424072 0.565800 0.049316 0.029200
10 0.422119 0.593800 0.049316 0.029200
14 0.421143 0.637800 0.049316 0.029200
1 0.423584 0.668000 0.049316 0.029200
0 0.421875 0.690600 0.049316 0.029200
0 0.423828 0.715600 0.049316 0.029200
34 0.424316 0.764600 0.049316 0.029200
11 0.423706 0.792000 0.047119 0.022400
17 0.424805 0.817000 0.049316 0.029200
7 0.423096 0.842200 0.049316 0.029200
3 0.424072 0.867400 0.049316 0.029200
1 0.422363 0.890800 0.049316 0.029200
5 0.421143 0.915200 0.049316 0.029200
10 0.424316 0.942200 0.053223 0.025200
16 0.424561 0.966000 0.049316 0.029200
