1 0.415039 0.289800 0.052734 0.018000
2 0.415039 0.313100 0.049316 0.026200
14 0.415894 0.337800 0.050537 0.026000
10 0.414673 0.362300 0.049561 0.026200
1 0.414917 0.410100 0.048584 0.018600
0 0.414062 0.435600 0.048828 0.025200
0 0.414062 0.459800 0.048828 0.024800
11 0.415039 0.507300 0.049316 0.025400
8 0.414429 0.531900 0.050537 0.026200
0 0.414551 0.556100 0.049316 0.025400
9 0.416382 0.580900 0.051514 0.023400
3 0.416748 0.606200 0.052246 0.025200
10 0.417114 0.631300 0.051025 0.024200
16 0.414795 0.656500 0.049805 0.027400
