6 0.356812 0.076900 0.050049 0.033800
1 0.358521 0.114300 0.050049 0.033800
14 0.357788 0.141900 0.050049 0.033800
10 0.356812 0.174500 0.050049 0.033800
3 0.356567 0.238100 0.050049 0.033800
20 0.355835 0.276700 0.050049 0.033800
36 0.358521 0.311300 0.050049 0.033800
1 0.357056 0.341100 0.050049 0.033800
0 0.356812 0.371700 0.050049 0.033800
0 0.356323 0.404300 0.050049 0.033800
27 0.358032 0.436300 0.050049 0.033800
11 0.354370 0.503100 0.050049 0.033800
4 0.355835 0.534200 0.052002 0.028400
2 0.355103 0.562900 0.050049 0.033800
4 0.356567 0.599900 0.050049 0.033800
1 0.356323 0.629500 0.050049 0.033800
10 0.355347 0.662300 0.050049 0.033800
10 0.355835 0.693500 0.050049 0.033800
16 0.356323 0.727300 0.050049 0.033800
