7 0.453857 0.162200 0.067383 0.028400
1 0.454468 0.190200 0.055908 0.024400
16 0.452881 0.219800 0.054199 0.026400
10 0.451416 0.248700 0.052734 0.027000
5 0.450684 0.304300 0.047852 0.027800
1 0.449707 0.331700 0.057129 0.026600
0 0.453857 0.361300 0.057129 0.030600
34 0.452271 0.417800 0.052979 0.032000
23 0.452148 0.449300 0.048828 0.030600
14 0.450928 0.477500 0.049805 0.027400
2 0.451660 0.504600 0.051270 0.029600
2 0.453125 0.532600 0.049316 0.028000
7 0.450684 0.562900 0.049316 0.027000
5 0.449463 0.587500 0.049316 0.027000
10 0.454590 0.619500 0.049316 0.027000
16 0.452637 0.645100 0.049316 0.027000
