0 0.407104 0.020700 0.056396 0.030600
2 0.406616 0.051300 0.056396 0.030600
15 0.407104 0.081500 0.056396 0.030600
10 0.407104 0.113700 0.056396 0.030600
14 0.405151 0.169500 0.056396 0.030600
5 0.404663 0.197700 0.056396 0.030600
0 0.403687 0.228900 0.056396 0.030600
1 0.404663 0.259500 0.056396 0.030600
34 0.400757 0.315900 0.056396 0.030600
11 0.403687 0.348100 0.056396 0.030600
17 0.404663 0.376900 0.056396 0.030600
0 0.404175 0.405100 0.056396 0.030600
9 0.403198 0.434900 0.056396 0.030600
9 0.402710 0.465900 0.056396 0.030600
4 0.405640 0.494100 0.056396 0.030600
10 0.403687 0.523900 0.056396 0.030600
16 0.408569 0.553700 0.056396 0.030600
