6 0.389404 0.639800 0.054199 0.028000
4 0.388916 0.609900 0.059082 0.030200
11 0.388916 0.578900 0.059082 0.030600
0 0.388794 0.519400 0.055420 0.026400
0 0.387939 0.491000 0.055176 0.032800
8 0.388672 0.456600 0.060059 0.035600
10 0.390137 0.401600 0.054688 0.028800
16 0.388184 0.370000 0.051758 0.032800
1 0.388916 0.343000 0.056152 0.028400
7 0.387085 0.315200 0.058350 0.032800
3 0.388428 0.672700 0.051758 0.029400
5 0.388062 0.702400 0.051025 0.027200
10 0.387207 0.729300 0.057617 0.027400
16 0.385620 0.761700 0.052490 0.032600
