5 0.422607 0.114500 0.050293 0.032600
1 0.424072 0.140600 0.051758 0.026000
14 0.424683 0.161600 0.049072 0.028800
10 0.424316 0.190400 0.049316 0.029200
14 0.424316 0.239600 0.049316 0.029200
1 0.422119 0.265500 0.046387 0.022600
0 0.423706 0.288700 0.050537 0.027000
0 0.422363 0.315600 0.049316 0.029200
34 0.423584 0.362000 0.049316 0.029200
11 0.421509 0.392200 0.047119 0.022400
17 0.422241 0.417200 0.046143 0.026800
7 0.423584 0.444800 0.049316 0.029200
3 0.423096 0.469400 0.049316 0.029200
1 0.423706 0.488100 0.046631 0.023800
5 0.422729 0.516400 0.049072 0.026800
10 0.422119 0.539200 0.053223 0.025200
16 0.423584 0.567200 0.049316 0.029200
