34 0.420044 0.585500 0.047607 0.028200
11 0.420776 0.613900 0.047607 0.028200
17 0.420776 0.641500 0.047607 0.028200
1 0.421753 0.670100 0.047607 0.028200
7 0.422729 0.698100 0.047607 0.028200
6 0.422241 0.724500 0.047607 0.028200
3 0.423218 0.751700 0.047607 0.028200
10 0.422974 0.778500 0.047607 0.028200
16 0.422974 0.805300 0.047607 0.028200
0 0.422485 0.528300 0.047607 0.028200
0 0.423706 0.502900 0.047607 0.028200
8 0.421509 0.476100 0.047607 0.028200
14 0.420288 0.446500 0.047607 0.028200
10 0.418091 0.392700 0.047607 0.028200
15 0.422241 0.363100 0.047607 0.028200
1 0.424683 0.339500 0.047607 0.028200
6 0.421997 0.308500 0.047607 0.028200
