14 0.324219 0.480500 0.052734 0.025400
10 0.326538 0.507600 0.053955 0.026800
5 0.326904 0.557900 0.051758 0.032200
1 0.325073 0.589000 0.052490 0.020400
0 0.322632 0.615700 0.050537 0.032600
14 0.326050 0.663000 0.047607 0.035600
5 0.325195 0.695100 0.060059 0.025800
6 0.326172 0.721900 0.056152 0.026200
8 0.326782 0.747700 0.057861 0.026600
26 0.330200 0.773200 0.052002 0.028000
10 0.327515 0.799100 0.055908 0.026600
16 0.326416 0.827800 0.060059 0.034400
1 0.326050 0.456000 0.056396 0.021200
6 0.327881 0.423200 0.066406 0.034400
