5 0.421875 0.309500 0.050293 0.032600
1 0.424072 0.338800 0.049316 0.029200
14 0.423584 0.362800 0.049316 0.029200
10 0.422119 0.388400 0.049316 0.029200
14 0.422852 0.441200 0.049316 0.029200
1 0.425049 0.465500 0.046387 0.022600
0 0.423828 0.487200 0.049316 0.029200
0 0.423828 0.517000 0.049316 0.029200
34 0.419189 0.562800 0.049316 0.029200
11 0.421997 0.590400 0.047119 0.022400
17 0.422974 0.614600 0.046143 0.026800
7 0.422607 0.640000 0.049316 0.029200
3 0.423096 0.666200 0.049316 0.029200
1 0.424194 0.691900 0.046631 0.023800
5 0.423706 0.714000 0.049072 0.026800
10 0.420898 0.739200 0.053223 0.025200
16 0.423584 0.765600 0.049316 0.029200
