5 0.424316 0.312900 0.050293 0.032600
1 0.423096 0.341200 0.049316 0.029200
14 0.424805 0.367600 0.049316 0.029200
10 0.426514 0.393800 0.049316 0.029200
14 0.425537 0.441000 0.049316 0.029200
1 0.422852 0.465800 0.049316 0.029200
0 0.424072 0.488200 0.049316 0.029200
0 0.425781 0.516200 0.049316 0.029200
34 0.426025 0.566000 0.049316 0.029200
11 0.425171 0.591600 0.047119 0.022400
17 0.425537 0.616800 0.049316 0.029200
7 0.426025 0.642200 0.049316 0.029200
3 0.424072 0.666800 0.049316 0.029200
1 0.424805 0.689200 0.049316 0.029200
5 0.425781 0.714200 0.049316 0.029200
10 0.425049 0.742200 0.053223 0.025200
16 0.423828 0.769000 0.049316 0.029200
