6 0.422852 0.216600 0.051758 0.027200
1 0.423340 0.240600 0.051758 0.027200
15 0.423340 0.269000 0.051758 0.027200
10 0.423584 0.296600 0.051758 0.027200
14 0.422119 0.349600 0.051758 0.027200
8 0.422607 0.380000 0.051758 0.027200
0 0.422852 0.406400 0.051758 0.027200
0 0.424316 0.433000 0.051758 0.027200
34 0.422363 0.490400 0.051758 0.027200
11 0.422119 0.518000 0.051758 0.027200
17 0.423828 0.544600 0.051758 0.027200
1 0.424561 0.572600 0.051758 0.027200
7 0.422363 0.600000 0.051758 0.027200
6 0.422119 0.626600 0.051758 0.027200
3 0.423340 0.654800 0.051758 0.027200
10 0.422607 0.682800 0.051758 0.027200
16 0.423096 0.710600 0.051758 0.027200
