17 0.409058 0.676900 0.047607 0.027000
0 0.409546 0.704700 0.047607 0.028600
9 0.411133 0.734900 0.049805 0.028200
9 0.408691 0.763700 0.049805 0.028200
4 0.408569 0.791600 0.048584 0.027200
10 0.410034 0.823300 0.049072 0.030200
16 0.411621 0.854900 0.053223 0.033000
11 0.407227 0.647400 0.048340 0.027200
34 0.407959 0.618300 0.049805 0.029000
1 0.409180 0.560500 0.049805 0.029000
0 0.408691 0.529700 0.049805 0.029000
5 0.406738 0.498100 0.049805 0.029000
14 0.406494 0.469100 0.049805 0.029000
10 0.408447 0.409900 0.049805 0.029000
0 0.407715 0.322900 0.049805 0.029000
2 0.407471 0.352100 0.049805 0.029000
