5 0.395752 0.225125 0.051270 0.035750
1 0.395752 0.266375 0.051270 0.035750
14 0.393311 0.303625 0.051270 0.035750
10 0.395508 0.338875 0.051270 0.035750
8 0.393066 0.415625 0.051270 0.035750
0 0.395264 0.449375 0.051270 0.035750
0 0.395508 0.487375 0.051270 0.035750
11 0.393066 0.561875 0.051270 0.035750
4 0.395264 0.596625 0.051270 0.035750
6 0.395020 0.634875 0.051270 0.035750
3 0.395020 0.671625 0.051270 0.035750
5 0.394287 0.707625 0.051270 0.035750
10 0.397705 0.745625 0.051270 0.035750
16 0.395508 0.784375 0.051270 0.035750
