8 0.402222 0.176100 0.051025 0.031400
1 0.403198 0.208900 0.051025 0.031400
16 0.401733 0.239900 0.051025 0.031400
10 0.404175 0.272900 0.051025 0.031400
14 0.401245 0.337300 0.051025 0.031400
3 0.402710 0.368500 0.051025 0.031400
0 0.402222 0.401100 0.051025 0.031400
0 0.402710 0.434100 0.051025 0.031400
34 0.403198 0.498100 0.051025 0.031400
17 0.403687 0.531500 0.051025 0.031400
5 0.404175 0.564700 0.051025 0.031400
5 0.402710 0.594500 0.051025 0.031400
9 0.401733 0.628500 0.051025 0.031400
2 0.403687 0.661100 0.051025 0.031400
10 0.405640 0.692900 0.051025 0.031400
16 0.404663 0.724900 0.051025 0.031400
