5 0.423340 0.312700 0.050293 0.032600
1 0.422607 0.339400 0.051758 0.026000
14 0.424683 0.362200 0.049072 0.028800
10 0.425049 0.390400 0.049316 0.029200
14 0.424316 0.439600 0.049316 0.029200
1 0.423584 0.464900 0.046387 0.022600
0 0.423706 0.489300 0.050537 0.027000
0 0.422363 0.518200 0.049316 0.029200
34 0.424561 0.565200 0.049316 0.029200
11 0.422974 0.589800 0.047119 0.022400
17 0.426147 0.614800 0.046143 0.026800
7 0.421143 0.641800 0.049316 0.029200
3 0.425293 0.666800 0.049316 0.029200
1 0.421997 0.688700 0.046631 0.023800
5 0.423462 0.716400 0.049072 0.026800
10 0.423096 0.739200 0.053223 0.025200
16 0.420410 0.766000 0.049316 0.029200
