16 0.388428 0.794600 0.054199 0.028400
10 0.391113 0.766100 0.059570 0.028600
5 0.389038 0.736100 0.061768 0.027400
3 0.389893 0.706100 0.062012 0.027000
6 0.387207 0.677600 0.057617 0.026400
4 0.387207 0.647300 0.059082 0.030200
11 0.388916 0.614900 0.059082 0.030600
0 0.389282 0.558000 0.054932 0.026400
0 0.387085 0.528400 0.054932 0.026400
8 0.387695 0.495800 0.060059 0.035600
10 0.388672 0.440800 0.054688 0.028800
16 0.388916 0.412400 0.051758 0.032800
1 0.392822 0.382400 0.056152 0.028400
7 0.387207 0.350500 0.054199 0.031800
