1 0.328735 0.012900 0.052002 0.023400
14 0.327148 0.039200 0.048828 0.028400
10 0.325439 0.067500 0.050293 0.031000
5 0.325684 0.118100 0.049805 0.033800
1 0.326172 0.145400 0.051758 0.021600
0 0.325195 0.172100 0.050781 0.035000
14 0.326538 0.222100 0.055908 0.032600
5 0.326660 0.249800 0.053711 0.026400
6 0.325928 0.277500 0.047363 0.026600
8 0.326172 0.303800 0.046875 0.029200
26 0.325928 0.332100 0.049316 0.025800
10 0.326172 0.356200 0.057129 0.027600
16 0.326294 0.386100 0.053467 0.036200
