7 0.411255 0.082900 0.054443 0.022200
1 0.414185 0.104900 0.054443 0.022200
10 0.412720 0.153500 0.054443 0.022200
1 0.412720 0.199700 0.054443 0.022200
0 0.410767 0.223700 0.054443 0.022200
0 0.410278 0.247600 0.052979 0.024400
11 0.412476 0.294400 0.052979 0.024400
1 0.413696 0.317200 0.052979 0.024400
8 0.412231 0.341600 0.052979 0.024400
0 0.415161 0.366000 0.052979 0.024400
4 0.411255 0.389000 0.052979 0.024400
10 0.412964 0.411800 0.052979 0.024400
16 0.410034 0.435000 0.052979 0.024400
16 0.411743 0.129100 0.054443 0.022200
