0 0.389404 0.351500 0.055664 0.031000
2 0.388916 0.381700 0.055664 0.031000
15 0.388916 0.410300 0.055664 0.031000
10 0.386475 0.439700 0.055664 0.031000
8 0.385986 0.495700 0.055664 0.031000
0 0.386963 0.524700 0.055664 0.031000
0 0.386963 0.553300 0.055664 0.031000
10 0.385742 0.606300 0.055664 0.031000
4 0.385498 0.637000 0.051758 0.028800
31 0.388062 0.665500 0.054443 0.026600
0 0.389038 0.694300 0.054443 0.026600
1 0.387573 0.721700 0.054443 0.026600
10 0.386108 0.751100 0.054443 0.026600
10 0.388062 0.778100 0.054443 0.026600
16 0.389282 0.807500 0.054932 0.029000
