5 0.424072 0.408700 0.050293 0.032600
1 0.423096 0.434200 0.049316 0.029200
14 0.424072 0.458000 0.049316 0.029200
10 0.423096 0.484800 0.049316 0.029200
14 0.422119 0.537600 0.049316 0.029200
1 0.422119 0.563000 0.049316 0.029200
0 0.421143 0.588600 0.049316 0.029200
0 0.421631 0.615600 0.049316 0.029200
34 0.420654 0.663600 0.049316 0.029200
11 0.422852 0.690200 0.049316 0.029200
17 0.424316 0.716800 0.049316 0.029200
7 0.422119 0.745200 0.049316 0.029200
3 0.421631 0.770600 0.049316 0.029200
1 0.422607 0.794000 0.049316 0.029200
5 0.420898 0.821800 0.049316 0.029200
10 0.423096 0.845600 0.049316 0.029200
16 0.425537 0.876600 0.049316 0.029200
