5 0.423462 0.518100 0.050537 0.027000
1 0.423462 0.542900 0.050537 0.027000
14 0.423462 0.567700 0.050537 0.027000
10 0.423218 0.596700 0.050537 0.027000
14 0.422729 0.647100 0.050537 0.027000
1 0.422241 0.673700 0.050537 0.027000
0 0.422241 0.698100 0.050537 0.027000
0 0.421753 0.724900 0.050537 0.027000
34 0.422729 0.776100 0.050537 0.027000
11 0.422485 0.801100 0.050537 0.027000
17 0.421753 0.827300 0.050537 0.027000
7 0.420288 0.853700 0.050537 0.027000
3 0.419800 0.879500 0.050537 0.027000
1 0.422974 0.904500 0.050537 0.027000
5 0.421753 0.929300 0.050537 0.027000
10 0.424683 0.956900 0.050537 0.027000
16 0.422974 0.982300 0.050537 0.027000
