0 0.388184 0.524100 0.055664 0.031000
2 0.386963 0.552900 0.055664 0.031000
15 0.386475 0.583100 0.055664 0.031000
10 0.384766 0.611900 0.055664 0.031000
8 0.389160 0.664500 0.055664 0.031000
0 0.388916 0.695900 0.054199 0.027800
0 0.385742 0.725100 0.055664 0.031000
10 0.387451 0.778100 0.055664 0.031000
4 0.387207 0.809600 0.051758 0.028800
31 0.390991 0.836700 0.054443 0.026600
0 0.389160 0.865900 0.056152 0.028600
1 0.390503 0.893900 0.054443 0.026600
10 0.391602 0.922400 0.054688 0.030400
10 0.389771 0.950300 0.054443 0.026600
16 0.388550 0.980500 0.054932 0.029000
