6 0.359253 0.288300 0.050049 0.033800
1 0.357056 0.325100 0.050049 0.033800
14 0.357788 0.356900 0.050049 0.033800
10 0.357056 0.389700 0.050049 0.033800
3 0.356567 0.449900 0.050049 0.033800
20 0.356079 0.486700 0.050049 0.033800
36 0.357056 0.518900 0.050049 0.033800
1 0.354126 0.548500 0.050049 0.033800
0 0.354370 0.581700 0.050049 0.033800
0 0.353394 0.616100 0.050049 0.033800
27 0.355103 0.648700 0.050049 0.033800
12 0.353394 0.711100 0.050049 0.033800
4 0.357300 0.746200 0.052002 0.028400
2 0.356812 0.775900 0.050049 0.033800
4 0.357056 0.809700 0.050049 0.033800
1 0.356079 0.843100 0.050049 0.033800
10 0.358032 0.872700 0.050049 0.033800
10 0.356567 0.905500 0.050049 0.033800
16 0.355591 0.938100 0.050049 0.033800
