8 0.431641 0.387400 0.050781 0.026000
1 0.429688 0.411200 0.050781 0.026000
16 0.430908 0.434800 0.050781 0.026000
10 0.430664 0.460200 0.050781 0.026000
1 0.431885 0.507200 0.050781 0.026000
0 0.432373 0.532600 0.050781 0.026000
0 0.430176 0.558800 0.050781 0.026000
11 0.430908 0.607800 0.050781 0.026000
8 0.430420 0.632400 0.050781 0.026000
0 0.432129 0.656400 0.049805 0.024800
9 0.431396 0.679000 0.049805 0.024800
3 0.428955 0.705000 0.049805 0.024800
10 0.432495 0.729500 0.055420 0.023000
16 0.434570 0.754900 0.057129 0.027800
