6 0.422852 0.227800 0.051758 0.027200
1 0.423340 0.254400 0.051758 0.027200
15 0.422363 0.282800 0.051758 0.027200
10 0.421875 0.309800 0.051758 0.027200
14 0.420898 0.364400 0.051758 0.027200
8 0.420898 0.393200 0.051758 0.027200
0 0.421875 0.421600 0.051758 0.027200
0 0.421387 0.448200 0.051758 0.027200
34 0.418945 0.503200 0.051758 0.027200
11 0.422119 0.532400 0.051758 0.027200
17 0.422607 0.559400 0.051758 0.027200
1 0.421631 0.588200 0.051758 0.027200
7 0.422363 0.614800 0.051758 0.027200
6 0.420898 0.642400 0.051758 0.027200
3 0.422852 0.669200 0.051758 0.027200
10 0.423096 0.696000 0.051758 0.027200
16 0.422607 0.724800 0.051758 0.027200
