1 0.327271 0.490900 0.052002 0.023400
14 0.323975 0.518000 0.048828 0.028400
10 0.323242 0.546300 0.050293 0.031000
5 0.324951 0.594900 0.049805 0.033800
1 0.328613 0.623400 0.051758 0.021600
0 0.327393 0.648500 0.050781 0.035000
14 0.322876 0.703300 0.055908 0.032600
5 0.324463 0.731200 0.053711 0.026400
6 0.326660 0.757500 0.047363 0.026600
8 0.326904 0.783800 0.046875 0.029200
26 0.328125 0.809700 0.049316 0.025800
10 0.324707 0.838600 0.057129 0.027600
16 0.323120 0.869900 0.053467 0.036200
6 0.326782 0.463500 0.054932 0.026200
