5 0.392822 0.303625 0.051270 0.035750
1 0.392334 0.343875 0.051270 0.035750
14 0.393311 0.380125 0.051270 0.035750
10 0.395020 0.415875 0.051270 0.035750
8 0.392090 0.489125 0.051270 0.035750
0 0.394775 0.525375 0.051270 0.035750
0 0.395996 0.563375 0.051270 0.035750
12 0.394043 0.635875 0.051270 0.035750
4 0.392334 0.675125 0.051270 0.035750
6 0.393066 0.712875 0.051270 0.035750
3 0.395020 0.749625 0.051270 0.035750
5 0.394287 0.785625 0.051270 0.035750
10 0.396240 0.825125 0.051270 0.035750
16 0.396973 0.861375 0.051270 0.035750
