34 0.421509 0.496700 0.047607 0.028200
11 0.422241 0.523900 0.047607 0.028200
17 0.422241 0.551500 0.047607 0.028200
1 0.422485 0.580700 0.047607 0.028200
7 0.421997 0.608100 0.047607 0.028200
6 0.421509 0.635100 0.047607 0.028200
3 0.422485 0.663700 0.047607 0.028200
10 0.418335 0.690300 0.047607 0.028200
16 0.422241 0.717300 0.047607 0.028200
0 0.423950 0.441300 0.047607 0.028200
0 0.421997 0.412900 0.047607 0.028200
8 0.423706 0.385500 0.047607 0.028200
14 0.422485 0.358300 0.047607 0.028200
10 0.423462 0.305300 0.047607 0.028200
15 0.422974 0.276900 0.047607 0.028200
1 0.423218 0.247700 0.047607 0.028200
6 0.422729 0.221100 0.047607 0.028200
