34 0.422241 0.505500 0.047119 0.027000
11 0.422729 0.531900 0.047119 0.027000
17 0.423950 0.559300 0.047119 0.027000
1 0.424927 0.589300 0.047119 0.027000
7 0.423706 0.614900 0.047119 0.027000
6 0.423218 0.640900 0.047119 0.027000
3 0.424438 0.669900 0.047119 0.027000
10 0.423706 0.698100 0.047119 0.027000
16 0.421021 0.725500 0.047119 0.027000
0 0.426392 0.450900 0.047119 0.027000
0 0.425659 0.422300 0.047119 0.027000
8 0.424683 0.395100 0.047119 0.027000
14 0.424927 0.367300 0.047119 0.027000
10 0.425659 0.309900 0.047119 0.027000
15 0.424194 0.283300 0.047119 0.027000
6 0.422241 0.226700 0.047119 0.027000
1 0.426147 0.258100 0.047119 0.027000
