0 0.388916 0.110500 0.055664 0.031000
2 0.389648 0.140000 0.057617 0.028400
15 0.387939 0.169700 0.053711 0.026600
10 0.391357 0.199100 0.055664 0.031000
8 0.387207 0.249900 0.055664 0.031000
0 0.388428 0.280300 0.054199 0.027800
0 0.386963 0.311900 0.055664 0.031000
10 0.385742 0.367300 0.055664 0.031000
4 0.386719 0.394400 0.051758 0.028800
31 0.386353 0.423900 0.054443 0.026600
0 0.386230 0.452300 0.056152 0.028600
1 0.386353 0.479700 0.054443 0.026600
10 0.387939 0.509800 0.054688 0.030400
10 0.389282 0.538900 0.054443 0.026600
16 0.387573 0.564900 0.054932 0.029000
