6 0.324341 0.507400 0.055908 0.029200
1 0.326050 0.532400 0.055908 0.029200
14 0.327026 0.557600 0.055908 0.029200
10 0.328247 0.586200 0.055908 0.029200
5 0.327026 0.637400 0.055908 0.029200
1 0.327026 0.663800 0.056885 0.026800
0 0.328003 0.690800 0.056885 0.026800
14 0.323853 0.745200 0.056885 0.026800
5 0.328003 0.770200 0.056885 0.026800
6 0.325806 0.794400 0.056885 0.026800
8 0.324585 0.823600 0.056885 0.026800
26 0.328003 0.848200 0.056885 0.026800
10 0.327026 0.874200 0.056885 0.026800
16 0.325317 0.903400 0.056885 0.026800
