6 0.355347 0.159500 0.050049 0.033800
1 0.355347 0.190700 0.050049 0.033800
14 0.355591 0.223700 0.050049 0.033800
10 0.359253 0.256500 0.050049 0.033800
3 0.356567 0.321100 0.050049 0.033800
20 0.355835 0.356100 0.050049 0.033800
36 0.353149 0.388100 0.050049 0.033800
1 0.357056 0.417300 0.050049 0.033800
0 0.357544 0.447900 0.050049 0.033800
0 0.356323 0.483100 0.050049 0.033800
27 0.355103 0.518100 0.050049 0.033800
11 0.355103 0.576900 0.050049 0.033800
4 0.353638 0.611800 0.052002 0.028400
2 0.353638 0.646500 0.050049 0.033800
4 0.357300 0.678700 0.050049 0.033800
1 0.354614 0.712500 0.050049 0.033800
10 0.357544 0.741100 0.050049 0.033800
10 0.355835 0.778500 0.050049 0.033800
16 0.357056 0.808500 0.050049 0.033800
