0 0.391357 0.286100 0.055664 0.031000
2 0.387939 0.313600 0.057617 0.028400
15 0.388672 0.343100 0.053711 0.026600
10 0.390625 0.370700 0.055664 0.031000
8 0.388672 0.423300 0.055664 0.031000
0 0.388428 0.455100 0.054199 0.027800
0 0.383789 0.484900 0.055664 0.031000
10 0.384033 0.538900 0.055664 0.031000
4 0.385254 0.569800 0.051758 0.028800
31 0.384888 0.595500 0.054443 0.026600
0 0.384766 0.623300 0.056152 0.028600
1 0.389526 0.653100 0.054443 0.026600
10 0.391846 0.680200 0.054688 0.030400
10 0.389282 0.709100 0.054443 0.026600
16 0.386841 0.739100 0.054932 0.029000
