6 0.357056 0.183300 0.050049 0.033800
1 0.354858 0.217100 0.050049 0.033800
14 0.357544 0.251900 0.050049 0.033800
10 0.356567 0.284300 0.050049 0.033800
3 0.355347 0.345700 0.050049 0.033800
20 0.359253 0.386900 0.050049 0.033800
36 0.358765 0.416300 0.050049 0.033800
1 0.355103 0.444900 0.050049 0.033800
0 0.357300 0.478500 0.050049 0.033800
0 0.357300 0.511100 0.050049 0.033800
27 0.355835 0.541900 0.050049 0.033800
12 0.354858 0.607100 0.050049 0.033800
4 0.359009 0.641200 0.052002 0.028400
2 0.357788 0.669700 0.050049 0.033800
4 0.358521 0.705300 0.050049 0.033800
1 0.358521 0.739900 0.050049 0.033800
10 0.355835 0.771500 0.050049 0.033800
10 0.359009 0.801700 0.050049 0.033800
16 0.357056 0.834900 0.050049 0.033800
