7 0.386230 0.041900 0.051758 0.030200
1 0.388672 0.071900 0.051758 0.030200
16 0.385254 0.102100 0.051758 0.030200
10 0.386475 0.130100 0.051758 0.030200
8 0.386963 0.191500 0.051758 0.030200
0 0.385986 0.220700 0.051758 0.030200
0 0.388428 0.249900 0.051758 0.030200
11 0.388184 0.308500 0.051758 0.030200
4 0.388672 0.337300 0.051758 0.030200
6 0.387939 0.368900 0.051758 0.030200
3 0.387207 0.395900 0.051758 0.030200
5 0.385254 0.424900 0.051758 0.030200
10 0.389648 0.453100 0.051758 0.030200
16 0.389893 0.486900 0.051758 0.030200
