6 0.357788 0.262100 0.050049 0.033800
1 0.358032 0.291300 0.050049 0.033800
14 0.360474 0.325700 0.050049 0.033800
10 0.356567 0.361100 0.050049 0.033800
3 0.355347 0.421900 0.050049 0.033800
20 0.357788 0.461300 0.050049 0.033800
36 0.358032 0.495700 0.050049 0.033800
1 0.355103 0.525500 0.050049 0.033800
0 0.357300 0.553500 0.050049 0.033800
0 0.357300 0.587300 0.050049 0.033800
27 0.359009 0.619900 0.050049 0.033800
12 0.358032 0.685900 0.050049 0.033800
4 0.360474 0.716800 0.052002 0.028400
2 0.359253 0.747100 0.050049 0.033800
4 0.361694 0.776700 0.050049 0.033800
1 0.360718 0.813100 0.050049 0.033800
10 0.361938 0.844100 0.050049 0.033800
10 0.355347 0.879700 0.050049 0.033800
16 0.360962 0.915500 0.050049 0.033800
