7 0.386108 0.423600 0.050049 0.028800
1 0.384888 0.452400 0.050049 0.028800
16 0.385620 0.484200 0.050049 0.028800
10 0.387817 0.511600 0.050049 0.028800
8 0.384888 0.570000 0.050049 0.028800
0 0.386353 0.600000 0.050049 0.028800
0 0.388062 0.629200 0.050049 0.028800
11 0.390259 0.690000 0.050049 0.028800
4 0.387329 0.720200 0.050049 0.028800
6 0.386353 0.748200 0.050049 0.028800
3 0.385864 0.779600 0.050049 0.028800
5 0.386597 0.809600 0.050049 0.028800
10 0.384888 0.838800 0.050049 0.028800
16 0.385620 0.868200 0.050049 0.028800
