6 0.420532 0.543100 0.052979 0.031000
1 0.420532 0.570700 0.052979 0.031000
15 0.421265 0.595700 0.052979 0.031000
10 0.420776 0.627100 0.052979 0.031000
14 0.419800 0.682500 0.052979 0.031000
8 0.420288 0.709500 0.050537 0.029800
0 0.418823 0.736700 0.050537 0.029800
0 0.418823 0.765700 0.050537 0.029800
34 0.419556 0.817100 0.050537 0.029800
11 0.419067 0.847700 0.050537 0.029800
17 0.419556 0.876900 0.050537 0.029800
1 0.419800 0.906500 0.050537 0.029800
7 0.421509 0.930700 0.050537 0.029800
6 0.419312 0.958900 0.050537 0.029800
3 0.421753 0.985100 0.050537 0.029800
