7 0.385620 0.079200 0.050049 0.028800
1 0.388062 0.104600 0.050049 0.028800
16 0.387085 0.136400 0.050049 0.028800
10 0.385376 0.166400 0.050049 0.028800
8 0.386353 0.226200 0.050049 0.028800
0 0.389526 0.254200 0.050049 0.028800
0 0.388062 0.287200 0.050049 0.028800
11 0.386353 0.344200 0.050049 0.028800
4 0.389526 0.373800 0.050049 0.028800
6 0.389526 0.401200 0.050049 0.028800
3 0.385864 0.433800 0.050049 0.028800
5 0.386597 0.464400 0.050049 0.028800
10 0.387329 0.492400 0.050049 0.028800
16 0.389526 0.522400 0.050049 0.028800
