6 0.324341 0.027400 0.055908 0.029200
1 0.326050 0.053600 0.055908 0.029200
14 0.325562 0.083200 0.055908 0.029200
10 0.325073 0.109400 0.055908 0.029200
5 0.322632 0.160400 0.055908 0.029200
1 0.323853 0.187000 0.056885 0.026800
0 0.325806 0.213200 0.056885 0.026800
14 0.327026 0.266600 0.056885 0.026800
5 0.326538 0.292800 0.056885 0.026800
6 0.324341 0.317600 0.056885 0.026800
8 0.323853 0.347200 0.056885 0.026800
26 0.323364 0.372000 0.056885 0.026800
10 0.322388 0.397800 0.056885 0.026800
16 0.320679 0.424200 0.056885 0.026800
