5 0.396484 0.297875 0.051270 0.035750
1 0.396484 0.337125 0.051270 0.035750
14 0.395752 0.373625 0.051270 0.035750
10 0.395752 0.411375 0.051270 0.035750
8 0.395020 0.485125 0.051270 0.035750
0 0.394531 0.520375 0.051270 0.035750
0 0.395264 0.558875 0.051270 0.035750
11 0.393799 0.632625 0.051270 0.035750
4 0.394043 0.668875 0.051270 0.035750
6 0.394043 0.706875 0.051270 0.035750
3 0.394531 0.745125 0.051270 0.035750
5 0.392822 0.780875 0.051270 0.035750
10 0.393066 0.818375 0.051270 0.035750
16 0.393555 0.854125 0.051270 0.035750
