5 0.424805 0.070800 0.046875 0.028400
1 0.425049 0.096200 0.046875 0.028400
14 0.424316 0.120800 0.046875 0.028400
10 0.423828 0.148000 0.046875 0.028400
14 0.422852 0.199200 0.046875 0.028400
1 0.422852 0.226800 0.046875 0.028400
0 0.420898 0.251000 0.046875 0.028400
0 0.421387 0.279200 0.046875 0.028400
34 0.422607 0.329400 0.046875 0.028400
11 0.423950 0.356100 0.047607 0.026200
17 0.423950 0.380700 0.047607 0.026200
7 0.422485 0.407700 0.047607 0.026200
3 0.423706 0.433100 0.047607 0.026200
1 0.425171 0.458500 0.047607 0.026200
5 0.422729 0.484700 0.047607 0.026200
10 0.421753 0.510500 0.047607 0.026200
16 0.421753 0.537100 0.047607 0.026200
