34 0.422241 0.571900 0.047119 0.027000
11 0.423462 0.598100 0.047119 0.027000
17 0.421509 0.626900 0.047119 0.027000
1 0.421021 0.655500 0.047119 0.027000
7 0.422241 0.681700 0.047119 0.027000
6 0.421021 0.709700 0.047119 0.027000
3 0.424438 0.736700 0.047119 0.027000
10 0.423706 0.765500 0.047119 0.027000
16 0.424683 0.791700 0.047119 0.027000
0 0.423218 0.516500 0.047119 0.027000
0 0.423462 0.488500 0.047119 0.027000
8 0.425415 0.461300 0.047119 0.027000
14 0.422729 0.433500 0.047119 0.027000
10 0.424683 0.376100 0.047119 0.027000
15 0.424194 0.347700 0.047119 0.027000
6 0.425171 0.294100 0.047119 0.027000
1 0.422485 0.321100 0.047119 0.027000
