5 0.422607 0.112100 0.050293 0.032600
1 0.424561 0.140400 0.051758 0.026000
14 0.424438 0.164000 0.049072 0.028800
10 0.425049 0.193400 0.049316 0.029200
14 0.423584 0.239200 0.049316 0.029200
1 0.423340 0.266300 0.046387 0.022600
0 0.423706 0.289900 0.050537 0.027000
0 0.423096 0.318200 0.049316 0.029200
34 0.426025 0.362800 0.049316 0.029200
11 0.421265 0.390400 0.047119 0.022400
17 0.423706 0.415400 0.046143 0.026800
7 0.422607 0.441200 0.049316 0.029200
3 0.423096 0.464200 0.049316 0.029200
1 0.424194 0.491900 0.046631 0.023800
5 0.421997 0.515200 0.049072 0.026800
10 0.421631 0.539800 0.053223 0.025200
16 0.421387 0.567400 0.049316 0.029200
