6 0.356079 0.210100 0.050049 0.033800
1 0.358521 0.240700 0.050049 0.033800
14 0.355591 0.270700 0.050049 0.033800
10 0.357788 0.308300 0.050049 0.033800
3 0.356567 0.370500 0.050049 0.033800
20 0.357544 0.406100 0.050049 0.033800
36 0.352417 0.437500 0.050049 0.033800
1 0.356323 0.469100 0.050049 0.033800
0 0.357544 0.496700 0.050049 0.033800
0 0.354126 0.533100 0.050049 0.033800
27 0.355103 0.567500 0.050049 0.033800
12 0.349731 0.629300 0.050049 0.033800
4 0.358032 0.661800 0.052002 0.028400
2 0.357544 0.697700 0.050049 0.033800
4 0.354126 0.727300 0.050049 0.033800
1 0.356079 0.761900 0.050049 0.033800
10 0.354370 0.793500 0.050049 0.033800
10 0.356567 0.827300 0.050049 0.033800
16 0.355591 0.861700 0.050049 0.033800
