8 0.430420 0.579700 0.046387 0.024200
1 0.432739 0.603800 0.050537 0.017600
16 0.432007 0.628200 0.047607 0.023200
10 0.431274 0.653600 0.049072 0.025600
1 0.431641 0.701200 0.050781 0.019200
0 0.430786 0.726200 0.049561 0.025200
0 0.431030 0.751400 0.049561 0.025200
0 0.431030 0.849600 0.049561 0.025200
11 0.429810 0.798100 0.047607 0.027400
8 0.431274 0.824900 0.050049 0.024200
9 0.429443 0.874800 0.050293 0.024800
3 0.430786 0.897700 0.055420 0.023400
10 0.431641 0.921900 0.053223 0.026200
16 0.429565 0.948400 0.050049 0.027600
