4 0.406616 0.991400 0.044189 0.017200
9 0.404053 0.966500 0.044434 0.027000
1 0.406006 0.938200 0.046387 0.024000
1 0.406982 0.908800 0.048340 0.019200
17 0.405029 0.880500 0.048340 0.031000
34 0.405029 0.849100 0.049316 0.030600
1 0.405640 0.793900 0.042236 0.024600
0 0.405762 0.764100 0.049805 0.031800
5 0.406250 0.733300 0.047852 0.028200
14 0.404785 0.704600 0.045410 0.028800
10 0.405151 0.647300 0.045166 0.031400
15 0.406128 0.616700 0.046631 0.028200
2 0.404785 0.589300 0.045410 0.029000
0 0.404419 0.557900 0.044189 0.029400
