6 0.358521 0.104500 0.050049 0.033800
1 0.358521 0.135500 0.050049 0.033800
14 0.356812 0.168100 0.050049 0.033800
10 0.354614 0.201500 0.050049 0.033800
3 0.358765 0.262500 0.050049 0.033800
20 0.358276 0.303500 0.050049 0.033800
36 0.356079 0.333100 0.050049 0.033800
1 0.357788 0.364300 0.050049 0.033800
0 0.356812 0.396700 0.050049 0.033800
0 0.358032 0.428900 0.050049 0.033800
27 0.356567 0.461900 0.050049 0.033800
11 0.356567 0.524300 0.050049 0.033800
4 0.356812 0.558100 0.050049 0.033800
2 0.357544 0.590900 0.050049 0.033800
4 0.356567 0.621900 0.050049 0.033800
1 0.354858 0.654500 0.050049 0.033800
10 0.356079 0.689700 0.050049 0.033800
10 0.355103 0.721700 0.050049 0.033800
16 0.355591 0.752300 0.050049 0.033800
