15 0.421997 0.021700 0.047607 0.028200
10 0.420776 0.049300 0.047607 0.028200
14 0.420288 0.103100 0.047607 0.028200
8 0.421021 0.132300 0.047607 0.028200
0 0.419800 0.160900 0.047607 0.028200
0 0.420532 0.188700 0.047607 0.028200
34 0.418579 0.244700 0.047607 0.028200
11 0.419800 0.271300 0.047607 0.028200
17 0.421509 0.300300 0.047607 0.028200
1 0.421021 0.326300 0.047607 0.028200
7 0.421265 0.354700 0.047607 0.028200
6 0.420532 0.382700 0.047607 0.028200
3 0.419312 0.409300 0.047607 0.028200
10 0.420532 0.435900 0.047607 0.028200
16 0.420776 0.464100 0.047607 0.028200
