6 0.389404 0.610400 0.054199 0.028000
4 0.389648 0.576900 0.059082 0.030200
11 0.390137 0.550700 0.059082 0.030600
0 0.388062 0.490400 0.054932 0.034000
0 0.387939 0.459200 0.055176 0.032800
8 0.388672 0.429400 0.060059 0.035600
3 0.389893 0.638900 0.051758 0.029400
10 0.387695 0.370500 0.057617 0.027400
16 0.388794 0.340500 0.052490 0.032600
1 0.387939 0.310300 0.055176 0.018600
7 0.389893 0.283200 0.054199 0.030400
5 0.389282 0.669100 0.060791 0.029000
10 0.390015 0.694500 0.060791 0.029800
16 0.389282 0.729300 0.051025 0.032200
