16 0.403320 0.534000 0.050293 0.038400
10 0.402588 0.500400 0.053223 0.032800
2 0.402832 0.468200 0.051758 0.033600
9 0.402100 0.437300 0.058105 0.029800
5 0.404419 0.403500 0.062744 0.033800
5 0.405640 0.371600 0.056396 0.033200
17 0.406372 0.339600 0.054932 0.034400
34 0.406494 0.304900 0.052246 0.031800
0 0.404541 0.240800 0.047363 0.033600
0 0.405762 0.208700 0.051758 0.031400
3 0.405762 0.176500 0.049805 0.029800
14 0.402344 0.142100 0.048828 0.034200
10 0.403076 0.079300 0.056152 0.031400
16 0.403809 0.046300 0.054688 0.033000
1 0.405273 0.014900 0.051758 0.025800
