6 0.357788 0.106500 0.050049 0.033800
1 0.354858 0.138300 0.050049 0.033800
14 0.356079 0.168100 0.050049 0.033800
10 0.353394 0.202300 0.050049 0.033800
3 0.359009 0.266900 0.050049 0.033800
20 0.358521 0.303700 0.050049 0.033800
36 0.357056 0.334500 0.050049 0.033800
1 0.355103 0.364900 0.050049 0.033800
0 0.357300 0.398500 0.050049 0.033800
0 0.358032 0.429900 0.050049 0.033800
27 0.356812 0.461900 0.050049 0.033800
12 0.356323 0.527900 0.050049 0.033800
4 0.360474 0.560000 0.052002 0.028400
2 0.359985 0.591500 0.050049 0.033800
4 0.359253 0.624100 0.050049 0.033800
1 0.359253 0.657500 0.050049 0.033800
10 0.361206 0.687700 0.050049 0.033800
10 0.358276 0.722900 0.050049 0.033800
16 0.357056 0.754300 0.050049 0.033800
