16 0.326294 0.752800 0.046143 0.029600
10 0.326660 0.724500 0.052246 0.025000
26 0.325806 0.701200 0.050049 0.026800
8 0.328125 0.675000 0.046875 0.026400
6 0.324951 0.644500 0.052246 0.024600
5 0.327026 0.620100 0.050537 0.025000
14 0.326660 0.593700 0.048828 0.028200
0 0.328613 0.541100 0.049316 0.027000
1 0.326416 0.517000 0.051758 0.024400
5 0.327148 0.488100 0.054199 0.029800
10 0.325928 0.436700 0.047363 0.027800
14 0.326416 0.407900 0.050293 0.025800
1 0.326782 0.383500 0.057373 0.023400
6 0.326416 0.354500 0.054199 0.029800
