2 0.419189 0.234000 0.049805 0.029200
2 0.420654 0.260000 0.048828 0.027600
15 0.421265 0.286700 0.050049 0.024200
10 0.416870 0.314600 0.047607 0.027200
8 0.420776 0.363700 0.049561 0.027800
0 0.418823 0.391600 0.048096 0.026000
0 0.418823 0.417800 0.048096 0.026000
11 0.419067 0.469200 0.047119 0.024000
4 0.418701 0.496900 0.045410 0.025000
6 0.419678 0.521300 0.047852 0.025000
3 0.417725 0.546300 0.050293 0.025000
5 0.418213 0.575100 0.048828 0.026200
10 0.417358 0.600700 0.049072 0.027000
16 0.420166 0.628700 0.049805 0.029400
