2 0.419189 0.317800 0.049805 0.029200
2 0.419189 0.346200 0.048828 0.027600
15 0.419800 0.371100 0.050049 0.024200
10 0.419312 0.398200 0.047607 0.027200
8 0.418823 0.447700 0.049561 0.027800
0 0.418335 0.476200 0.048096 0.026000
0 0.417847 0.503600 0.048096 0.026000
11 0.421265 0.555600 0.047119 0.024000
4 0.419189 0.580700 0.045410 0.025000
6 0.421631 0.606900 0.047852 0.025000
3 0.417969 0.632500 0.050293 0.025000
5 0.419189 0.657700 0.048828 0.026200
10 0.422241 0.683900 0.049072 0.027000
16 0.421631 0.711500 0.049805 0.029400
