34 0.421509 0.170500 0.047607 0.028200
11 0.423218 0.200100 0.047607 0.028200
17 0.423706 0.227700 0.047607 0.028200
1 0.425415 0.251900 0.047607 0.028200
7 0.421265 0.281700 0.047607 0.028200
6 0.421509 0.311500 0.047607 0.028200
3 0.421753 0.336700 0.047607 0.028200
10 0.421509 0.364700 0.047607 0.028200
16 0.420532 0.392100 0.047607 0.028200
0 0.422485 0.119500 0.047607 0.028200
0 0.420776 0.091100 0.047607 0.028200
8 0.422241 0.063100 0.047607 0.028200
14 0.422729 0.033500 0.047607 0.028200
