5 0.326660 0.526300 0.049805 0.029000
1 0.326782 0.552300 0.047607 0.020600
0 0.321045 0.579900 0.048828 0.030200
14 0.325195 0.630700 0.048828 0.029000
5 0.324707 0.655400 0.048828 0.026000
6 0.325317 0.682300 0.048096 0.023800
8 0.324219 0.710500 0.049805 0.025800
26 0.324341 0.736500 0.050537 0.025400
10 0.326172 0.762400 0.049316 0.026400
16 0.324707 0.789100 0.048340 0.026200
10 0.327393 0.472600 0.051758 0.032800
14 0.328979 0.443100 0.053467 0.029000
1 0.327393 0.418300 0.061035 0.024200
6 0.328003 0.393100 0.053955 0.031000
