6 0.422607 0.293400 0.054199 0.030000
1 0.421875 0.322500 0.052734 0.025800
15 0.420654 0.349100 0.052734 0.025800
10 0.421631 0.377500 0.052734 0.025800
14 0.421143 0.432300 0.052734 0.025800
8 0.420898 0.459900 0.052734 0.025800
0 0.420410 0.487900 0.052734 0.025800
0 0.421387 0.516900 0.052246 0.028600
34 0.419189 0.571500 0.052246 0.028600
11 0.419922 0.601100 0.052246 0.028600
17 0.420410 0.626100 0.052246 0.028600
1 0.419922 0.653900 0.052246 0.028600
7 0.419434 0.681100 0.052246 0.028600
6 0.420410 0.708500 0.052246 0.028600
3 0.421631 0.736700 0.052246 0.028600
10 0.423340 0.765300 0.052246 0.028600
16 0.421875 0.793700 0.052246 0.028600
