10 0.418335 0.022100 0.055420 0.029000
14 0.414795 0.079600 0.053223 0.030800
5 0.414307 0.109600 0.048828 0.030000
0 0.413086 0.167700 0.050293 0.029800
0 0.413574 0.138900 0.050293 0.029800
34 0.415039 0.224100 0.047363 0.030600
17 0.416504 0.254100 0.047852 0.029400
5 0.415405 0.281700 0.050049 0.028200
7 0.413330 0.311100 0.048828 0.024600
6 0.414429 0.339500 0.048096 0.028200
3 0.413574 0.368000 0.048828 0.028400
10 0.414673 0.397700 0.047607 0.028200
16 0.415771 0.427500 0.050293 0.033400
