6 0.324951 0.074400 0.048828 0.030000
1 0.324585 0.097600 0.049072 0.024800
14 0.325806 0.125600 0.049072 0.024800
10 0.325562 0.153200 0.049072 0.024800
5 0.322388 0.207000 0.049072 0.024800
1 0.322388 0.230400 0.049072 0.024800
0 0.324097 0.258400 0.049072 0.024800
14 0.322388 0.310000 0.049072 0.024800
5 0.323120 0.337600 0.049072 0.024800
6 0.323853 0.363600 0.049072 0.024800
8 0.322144 0.389000 0.049072 0.024800
26 0.323608 0.416600 0.049072 0.024800
10 0.322388 0.443200 0.049072 0.024800
16 0.322144 0.470600 0.049072 0.024800
