5 0.394043 0.375375 0.051270 0.035750
1 0.395020 0.412875 0.051270 0.035750
14 0.395752 0.448625 0.051270 0.035750
10 0.394287 0.486875 0.051270 0.035750
8 0.395508 0.560625 0.051270 0.035750
0 0.396484 0.598875 0.051270 0.035750
0 0.395264 0.635875 0.051270 0.035750
11 0.394775 0.708625 0.051270 0.035750
4 0.395020 0.745875 0.051270 0.035750
6 0.395020 0.782375 0.051270 0.035750
3 0.393066 0.821625 0.051270 0.035750
5 0.394775 0.858375 0.051270 0.035750
10 0.394531 0.893875 0.051270 0.035750
16 0.393555 0.931625 0.051270 0.035750
