14 0.424561 0.015500 0.049316 0.025000
10 0.424072 0.041900 0.049316 0.025000
14 0.424072 0.093500 0.049316 0.025000
1 0.424561 0.119500 0.049316 0.025000
0 0.421631 0.144900 0.049316 0.025000
0 0.420410 0.171500 0.049316 0.025000
34 0.420654 0.221900 0.049316 0.025000
11 0.422607 0.246500 0.049316 0.025000
17 0.422607 0.273700 0.049316 0.025000
7 0.420654 0.299100 0.049316 0.025000
3 0.421631 0.325300 0.049316 0.025000
1 0.421143 0.349900 0.049316 0.025000
5 0.422119 0.376300 0.049316 0.025000
10 0.422852 0.403700 0.049316 0.025000
16 0.421875 0.429500 0.049316 0.025000
