5 0.421631 0.516500 0.050293 0.032600
1 0.427002 0.539200 0.051758 0.026000
14 0.422241 0.564000 0.049072 0.028800
10 0.418945 0.591600 0.049316 0.029200
14 0.422852 0.641600 0.049316 0.029200
1 0.425781 0.666900 0.046387 0.022600
0 0.422974 0.687900 0.050537 0.027000
0 0.420898 0.720000 0.049316 0.029200
34 0.424561 0.764000 0.049316 0.029200
11 0.425171 0.789200 0.047119 0.022400
17 0.421509 0.814800 0.046143 0.026800
7 0.422607 0.842400 0.049316 0.029200
3 0.423828 0.864800 0.049316 0.029200
1 0.424194 0.890700 0.046631 0.023800
5 0.422729 0.915800 0.049072 0.026800
10 0.425293 0.940400 0.053223 0.025200
16 0.424316 0.966000 0.049316 0.029200
