7 0.383911 0.251500 0.057861 0.032600
1 0.389160 0.275600 0.055176 0.020400
16 0.385010 0.310500 0.053711 0.031800
10 0.386963 0.341100 0.051270 0.033000
8 0.390869 0.395900 0.052246 0.031400
0 0.389526 0.424300 0.052490 0.030600
0 0.384521 0.458700 0.052734 0.032200
11 0.387573 0.516200 0.056396 0.030400
4 0.390259 0.547700 0.058350 0.029400
6 0.385986 0.576600 0.055176 0.029200
3 0.389038 0.606000 0.053955 0.026800
5 0.386963 0.633800 0.051758 0.026800
10 0.388428 0.664500 0.052734 0.027800
16 0.391235 0.694500 0.054932 0.032200
