0 0.323853 0.498100 0.053955 0.031000
14 0.326172 0.549300 0.051270 0.031400
5 0.325317 0.577200 0.050049 0.026000
6 0.326050 0.605500 0.051025 0.026600
8 0.327759 0.630200 0.052002 0.025600
26 0.327759 0.656000 0.050049 0.023600
10 0.326050 0.682500 0.051514 0.024600
16 0.326416 0.711100 0.051270 0.028200
1 0.328125 0.471000 0.062988 0.020000
5 0.328125 0.444900 0.055176 0.032200
10 0.327515 0.395800 0.058350 0.027200
14 0.323486 0.365200 0.055176 0.031600
1 0.327881 0.340600 0.060547 0.025200
6 0.328613 0.309400 0.065430 0.040000
