5 0.422852 0.115500 0.050293 0.032600
1 0.421631 0.139200 0.049316 0.029200
14 0.423340 0.163400 0.049316 0.029200
10 0.425781 0.192000 0.049316 0.029200
14 0.424805 0.239000 0.049316 0.029200
1 0.422119 0.263800 0.049316 0.029200
0 0.424072 0.287600 0.049316 0.029200
0 0.424805 0.314400 0.049316 0.029200
34 0.422852 0.361600 0.049316 0.029200
11 0.425171 0.388400 0.047119 0.022400
17 0.424805 0.415000 0.049316 0.029200
7 0.423096 0.443600 0.049316 0.029200
3 0.422607 0.466800 0.049316 0.029200
1 0.422363 0.491000 0.049316 0.029200
5 0.424072 0.512800 0.049316 0.029200
10 0.425781 0.537800 0.053223 0.025200
16 0.425293 0.565400 0.049316 0.029200
