16 0.405518 0.427200 0.047363 0.028400
10 0.403687 0.397200 0.044678 0.026800
4 0.402710 0.368000 0.043213 0.026800
9 0.404785 0.339200 0.046387 0.028400
1 0.404175 0.312500 0.046143 0.025400
1 0.402954 0.284700 0.046143 0.025400
17 0.406006 0.252400 0.046387 0.029600
34 0.405273 0.222300 0.047852 0.029800
1 0.406372 0.165900 0.052002 0.024200
0 0.404663 0.136600 0.049072 0.030400
5 0.405640 0.107100 0.050049 0.028200
14 0.406250 0.075900 0.047852 0.029400
10 0.405273 0.020000 0.050293 0.030000
