7 0.387207 0.387100 0.051758 0.030200
1 0.385498 0.417100 0.051758 0.030200
16 0.385986 0.445300 0.051758 0.030200
10 0.384033 0.475900 0.051758 0.030200
8 0.388428 0.536100 0.051758 0.030200
0 0.387451 0.566700 0.051758 0.030200
0 0.388428 0.596500 0.051758 0.030200
11 0.383545 0.654300 0.051758 0.030200
4 0.390381 0.686300 0.051758 0.030200
6 0.384766 0.714100 0.051758 0.030200
3 0.384277 0.743100 0.051758 0.030200
5 0.383789 0.772500 0.051758 0.030200
10 0.383301 0.801500 0.051758 0.030200
16 0.389160 0.831300 0.051758 0.030200
