1 0.417114 0.150800 0.052002 0.020400
2 0.414062 0.176000 0.049805 0.028000
14 0.416016 0.199700 0.051270 0.026200
10 0.413696 0.225900 0.047607 0.026200
1 0.415161 0.274900 0.047119 0.021400
0 0.413818 0.299800 0.045898 0.025200
0 0.416016 0.325900 0.047852 0.026200
11 0.416016 0.373400 0.047852 0.026800
8 0.413574 0.398900 0.046387 0.024600
0 0.415771 0.422800 0.048340 0.023200
9 0.413818 0.447100 0.044434 0.022600
3 0.413452 0.471100 0.046143 0.023000
10 0.413696 0.495900 0.047607 0.025400
16 0.414429 0.520800 0.050537 0.027200
