0 0.386475 0.452500 0.055664 0.031000
2 0.387939 0.481200 0.057617 0.028400
15 0.385742 0.508900 0.053711 0.026600
10 0.389648 0.541100 0.055664 0.031000
8 0.387695 0.593500 0.055664 0.031000
0 0.389160 0.624100 0.054199 0.027800
0 0.388428 0.653900 0.055664 0.031000
10 0.385498 0.707300 0.055664 0.031000
4 0.382080 0.740200 0.051758 0.028800
31 0.384888 0.767700 0.054443 0.026600
0 0.386963 0.794900 0.056152 0.028600
1 0.386353 0.822700 0.054443 0.026600
10 0.389404 0.850400 0.054688 0.030400
10 0.386108 0.878700 0.054443 0.026600
16 0.387573 0.910100 0.054932 0.029000
