8 0.433350 0.482800 0.050781 0.026000
1 0.432373 0.509800 0.050781 0.026000
16 0.429932 0.533200 0.050781 0.026000
10 0.430176 0.559400 0.050781 0.026000
1 0.432373 0.602800 0.050781 0.026000
0 0.433105 0.631200 0.050781 0.026000
0 0.431885 0.656400 0.050781 0.026000
11 0.431396 0.702800 0.050781 0.026000
8 0.430420 0.728600 0.050781 0.026000
0 0.432129 0.753600 0.049805 0.024800
9 0.432129 0.800800 0.049805 0.024800
3 0.431396 0.778400 0.049805 0.024800
10 0.434204 0.827700 0.055420 0.023000
16 0.432861 0.852500 0.057129 0.027800
