6 0.324951 0.551200 0.048828 0.030000
1 0.325317 0.578200 0.049072 0.024800
14 0.326538 0.604800 0.049072 0.024800
10 0.326294 0.631400 0.049072 0.024800
5 0.325317 0.684000 0.049072 0.024800
1 0.328491 0.708400 0.049072 0.024800
0 0.325806 0.734600 0.049072 0.024800
14 0.325562 0.788000 0.049072 0.024800
5 0.327026 0.815000 0.049072 0.024800
6 0.324585 0.842200 0.049072 0.024800
8 0.325073 0.868400 0.049072 0.024800
26 0.326538 0.895400 0.049072 0.024800
10 0.327026 0.921800 0.049072 0.024800
16 0.325317 0.947400 0.049072 0.024800
