5 0.392822 0.149625 0.051270 0.035750
1 0.393799 0.187875 0.051270 0.035750
14 0.393799 0.223625 0.051270 0.035750
10 0.393555 0.261875 0.051270 0.035750
8 0.395508 0.335125 0.051270 0.035750
0 0.395264 0.373875 0.051270 0.035750
0 0.394043 0.410875 0.051270 0.035750
12 0.394043 0.481875 0.051270 0.035750
4 0.395752 0.522125 0.051270 0.035750
6 0.395508 0.557875 0.051270 0.035750
3 0.393066 0.596625 0.051270 0.035750
5 0.394287 0.632125 0.051270 0.035750
10 0.393799 0.667625 0.051270 0.035750
16 0.393555 0.705375 0.051270 0.035750
