16 0.385254 0.448800 0.054199 0.028400
10 0.384766 0.419500 0.059570 0.028600
5 0.387329 0.390900 0.061768 0.027400
3 0.388428 0.361500 0.062012 0.027000
6 0.389404 0.330000 0.057617 0.026400
4 0.386475 0.300900 0.059082 0.030200
11 0.385010 0.271100 0.059082 0.030600
0 0.390015 0.211600 0.054932 0.026400
0 0.387817 0.182600 0.054932 0.026400
8 0.386963 0.149400 0.060059 0.035600
10 0.388672 0.093600 0.054688 0.028800
16 0.388184 0.063400 0.051758 0.032800
1 0.388916 0.034000 0.056152 0.028400
7 0.387451 0.011600 0.059570 0.022800
